06409590000126
06409590000126
06409590001123
04014400900576
08710447329672
06436501000685
08710447329689
08710447329696
08710847994951
06412500010948
06412500006071
06412500010924
06406510043386
06406510043379
06406510043355
06406510043362
06420256015421
06420256015421
06420256015421
06409590001130
06409590000133
06409590000133
06436501043224
08710522480304
08710522480281
06406510043348
07350066440559
06409590002687
04893139577002
06409590002625
06408620005308
06420400004059
06420400004059
06412600815771
06412600802252
06412600802252
06412600802252
06412600802252
06412600802252
06412600858044
06412600858044
06412600858044
06412600858044
06412600837797
06412600837797
06412600837780
06412600837780
06412600837773
06412600837773
06412600837773
06412600837148
06412600837124
06412600837117
06412600834420
06412600834413
06412600834383
06412600834369
06412600834352
06412600834345
06412600834338
06412600834321
06412600832587
06412600832570
06412600832563
06412600832556
06412600832549
06412600832532
06412600832525
06412600832518
06412600837599
06412600837599
06412600837469
06412600817416
06412600837254
06412600835915
06412600837261
06412600817386
06412600810455
06412600828597
06412600828580
06412600828573
06412600828566
06412600828559
06412600828542
06412600837605
06412600837582
06412600837575
06412600847703
06412600847697
06412600847680
06412600847673
06412600847666
06412600847659
06412600847642
06412600847635
06412600847628
06412600847611
06412600848380
06412600848373
06412600848366
06412600848359
06412600848342
06412600848335
06412600848328
06412600848311
06412600849837
06412600849837
06412600849813
06412600849813
06412600849813
06412600849523
06412600849516
06412600859829
06412600859829
06409590002496
06409590000676
06409590000676
06409590002670
06412000030385
06411230014011
06411230013014
06409590000652
06409590002656
06409590000638
06409590002632
07330869132158
07330869132158
06412500032872
06412500037471
07330869136859
07330869136859
06410405216977
06410405133298
06410400057919
06410405190222
06410405190239
06410405133281
06418401672438
06418401672421
06430051519154
06418400072598
06418400072598
06418400072581
06408430062744
05010029204735
06413890061824
06413890061824
06413890061800
06413890061800
06413890061817
06413890061817
06413890061855
06413890061855
06413890061848
06413890061848
06413890061831
06413890061831
05701977000486
07804345002445
06412000032181
06410405258601
07321031947830
06413446015592
06412000032112
05709152019650
05706911021176
05704436017438